# step energy      gradnorm    avg_density  site_densities
1      7.4686      0.7419      1.0          (1, 1)=>1.002, (2, 1)=>1.0, (1, 2)=>0.998, (2, 2)=>1.0
2      7.3626      0.6457      1.0          (1, 1)=>1.005, (2, 1)=>1.0, (1, 2)=>0.995, (2, 2)=>1.001
3      7.2772      0.7317      1.0          (1, 1)=>1.022, (2, 1)=>0.996, (1, 2)=>0.977, (2, 2)=>1.004
4      7.2132      0.8897      1.0          (1, 1)=>1.059, (2, 1)=>0.982, (1, 2)=>0.94, (2, 2)=>1.019
5      7.1767      1.0479      1.0          (1, 1)=>1.107, (2, 1)=>0.872, (1, 2)=>0.892, (2, 2)=>1.129
6      7.1167      0.3177      1.0          (1, 1)=>1.074, (2, 1)=>0.942, (1, 2)=>0.925, (2, 2)=>1.058
7      7.1062      0.1675      1.0          (1, 1)=>1.067, (2, 1)=>0.929, (1, 2)=>0.933, (2, 2)=>1.071
8      7.0978      0.1749      1.0          (1, 1)=>1.062, (2, 1)=>0.923, (1, 2)=>0.938, (2, 2)=>1.078
9      7.0766      0.2714      1.0          (1, 1)=>1.061, (2, 1)=>0.912, (1, 2)=>0.939, (2, 2)=>1.088
10     7.0588      0.3443      1.0          (1, 1)=>1.059, (2, 1)=>0.91, (1, 2)=>0.941, (2, 2)=>1.09
